Iteration     : 1
CompLabel     : FX
averageVal1   : 0.22163
averageVal2   : 1.21308
AVG_MAG_VAL   : 0.52265
rmsVal1       : 2.00335
rmsVal2       : 2.00335
AVG_RMS_Val   : 2.00335
amplitudeVal1 : 0.57999
amplitudeVal2 : 0.32610
AVG_AMP_VAL   : 1.07701
Label 1       : a
Label 2       : a
t1Start       : 0.00000
t1End         : 9.27500
t2Start       : 9.27500
t2End         : 9.88500
tAvgIndex     : 4.94250

