Iteration     : 1
CompLabel     : FX
averageVal1   : 0.54126
averageVal2   : 0.54126
AVG_MAG_VAL   : 0.54126
rmsVal1       : 2.47729
rmsVal2       : 2.47729
AVG_RMS_Val   : 2.47729
amplitudeVal1 : 0.57764
amplitudeVal2 : 0.57764
AVG_AMP_VAL   : 0.57764
Label 1       : k
Label 2       : k
t1Start       : 0.00000
t1End         : 9.71500
t2Start       : 0.00000
t2End         : 9.71500
tAvgIndex     : 4.85750

