Iteration     : 1
CompLabel     : FX
averageVal1   : 0.09032
averageVal2   : 0.08258
AVG_MAG_VAL   : 0.07431
rmsVal1       : 0.26463
rmsVal2       : 0.26463
AVG_RMS_Val   : 0.26463
amplitudeVal1 : 0.07296
amplitudeVal2 : 0.11045
AVG_AMP_VAL   : 0.17518
Label 1       : a
Label 2       : a
t1Start       : 0.00000
t1End         : 9.22500
t2Start       : 9.22500
t2End         : 9.71500
tAvgIndex     : 4.85750

