Iteration     : 1
CompLabel     : FX
averageVal1   : -0.10077
averageVal2   : 2.70573
AVG_MAG_VAL   : 0.52014
rmsVal1       : -0.01742
rmsVal2       : -0.01742
AVG_RMS_Val   : 3.47176
amplitudeVal1 : 0.34688
amplitudeVal2 : 2.27921
AVG_AMP_VAL   : 2.27921
Label 1       : a
Label 2       : a
t1Start       : 0.00000
t1End         : 3.65000
t2Start       : 3.65000
t2End         : 7.46000
tAvgIndex     : 3.73000

