Iteration     : 1
CompLabel     : FX
averageVal1   : 0.51373
averageVal2   : 0.92601
AVG_MAG_VAL   : 0.58270
rmsVal1       : 1.27334
rmsVal2       : 0.35722
AVG_RMS_Val   : 2.42154
amplitudeVal1 : 0.58311
amplitudeVal2 : 0.38894
AVG_AMP_VAL   : 0.60887
Label 1       : a
Label 2       : a
t1Start       : 0.00000
t1End         : 7.32500
t2Start       : 7.32500
t2End         : 10.07500
tAvgIndex     : 5.03750

