Iteration     : 1
CompLabel     : FX
averageVal1   : 0.81795
averageVal2   : 1.04686
AVG_MAG_VAL   : 1.29865
rmsVal1       : 1.98206
rmsVal2       : 1.98206
AVG_RMS_Val   : 4.13908
amplitudeVal1 : 0.56671
amplitudeVal2 : 1.11069
AVG_AMP_VAL   : 3.81127
Label 1       : a
Label 2       : a
t1Start       : 0.00000
t1End         : 10.00000
t2Start       : 10.00000
t2End         : 10.11000
tAvgIndex     : 5.05500

