Iteration     : 1
CompLabel     : FX
averageVal1   : 0.32145
averageVal2   : 2.04285
AVG_MAG_VAL   : 1.21877
rmsVal1       : 1.29041
rmsVal2       : 0.40544
AVG_RMS_Val   : 2.07181
amplitudeVal1 : 0.57621
amplitudeVal2 : 1.26606
AVG_AMP_VAL   : 1.57838
Label 1       : a
Label 2       : a
t1Start       : 0.00000
t1End         : 9.32500
t2Start       : 9.32500
t2End         : 10.25500
tAvgIndex     : 5.12750

