Iteration     : 1
CompLabel     : FX
averageVal1   : 11.12607
averageVal2   : 11.36524
AVG_MAG_VAL   : 11.22129
rmsVal1       : 11.12607
rmsVal2       : 11.36525
AVG_RMS_Val   : 8.90267
amplitudeVal1 : 0.23838
amplitudeVal2 : 0.07914
AVG_AMP_VAL   : 0.16567
Label 1       : FX
Label 2       : FX
t1Start       : 0.00000
t1End         : 6.55000
t2Start       : 6.55000
t2End         : 6.61000
tAvgIndex     : 3.30500

