Iteration     : 1
CompLabel     : FX
averageVal1   : 0.57016
averageVal2   : -0.24282
AVG_MAG_VAL   : 0.03879
rmsVal1       : 0.57016
rmsVal2       : 0.24311
AVG_RMS_Val   : 0.19154
amplitudeVal1 : 0.18577
amplitudeVal2 : 0.02645
AVG_AMP_VAL   : 0.21715
Label 1       : FX
Label 2       : FX
t1Start       : 0.00000
t1End         : 5.57500
t2Start       : 5.57500
t2End         : 6.61000
tAvgIndex     : 3.30500

