Iteration     : 1
CompLabel     : FX
averageVal1   : 0.86194
averageVal2   : 0.86194
AVG_MAG_VAL   : 0.86194
rmsVal1       : 2.46788
rmsVal2       : 2.46788
AVG_RMS_Val   : 2.46788
amplitudeVal1 : 0.57084
amplitudeVal2 : 0.57084
AVG_AMP_VAL   : 0.57084
Label 1       : k
Label 2       : k
t1Start       : 0.00000
t1End         : 10.09500
t2Start       : 0.00000
t2End         : 10.09500
tAvgIndex     : 5.04750

