Iteration     : 1
CompLabel     : FX
averageVal1   : 0.41855
averageVal2   : 1.24348
AVG_MAG_VAL   : 0.91202
rmsVal1       : 0.91135
rmsVal2       : 0.91135
AVG_RMS_Val   : 2.47378
amplitudeVal1 : 0.56655
amplitudeVal2 : 0.14923
AVG_AMP_VAL   : 0.82976
Label 1       : a
Label 2       : a
t1Start       : 0.00000
t1End         : 9.42500
t2Start       : 9.42500
t2End         : 10.03000
tAvgIndex     : 5.01500

