Iteration     : 1
CompLabel     : FX
averageVal1   : 0.34812
averageVal2   : 1.01886
AVG_MAG_VAL   : 0.88002
rmsVal1       : 0.72361
rmsVal2       : 0.72361
AVG_RMS_Val   : 1.91323
amplitudeVal1 : 0.56860
amplitudeVal2 : 0.05164
AVG_AMP_VAL   : 1.35232
Label 1       : a
Label 2       : a
t1Start       : 0.00000
t1End         : 9.77500
t2Start       : 9.77500
t2End         : 10.03000
tAvgIndex     : 5.01500

