Iteration     : 1
CompLabel     : FX
averageVal1   : -0.10440
averageVal2   : 0.72313
AVG_MAG_VAL   : 0.20861
rmsVal1       : -0.02339
rmsVal2       : -0.02339
AVG_RMS_Val   : 2.58316
amplitudeVal1 : 0.84113
amplitudeVal2 : 1.14796
AVG_AMP_VAL   : 1.14796
Label 1       : a
Label 2       : a
t1Start       : 0.00000
t1End         : 3.67500
t2Start       : 3.67500
t2End         : 9.83000
tAvgIndex     : 4.91500

