Iteration     : 1
CompLabel     : FX
averageVal1   : 0.43098
averageVal2   : 1.84214
AVG_MAG_VAL   : 1.21488
rmsVal1       : 0.89199
rmsVal2       : 0.44139
AVG_RMS_Val   : 2.80268
amplitudeVal1 : 0.57788
amplitudeVal2 : 2.05382
AVG_AMP_VAL   : 2.05382
Label 1       : a
Label 2       : a
t1Start       : 0.00000
t1End         : 9.85000
t2Start       : 9.85000
t2End         : 10.00000
tAvgIndex     : 5.00000

