Iteration     : 1
CompLabel     : FX
averageVal1   : 0.00291
averageVal2   : 0.04099
AVG_MAG_VAL   : 0.04422
rmsVal1       : 0.00403
rmsVal2       : 0.00403
AVG_RMS_Val   : 0.27445
amplitudeVal1 : 0.01250
amplitudeVal2 : 0.08513
AVG_AMP_VAL   : 0.24371
Label 1       : a
Label 2       : a
t1Start       : 0.00000
t1End         : 8.12500
t2Start       : 8.12500
t2End         : 9.99500
tAvgIndex     : 4.99750

