Iteration     : 1
CompLabel     : FX
averageVal1   : 0.70597
averageVal2   : 0.70597
AVG_MAG_VAL   : 0.70597
rmsVal1       : 3.74660
rmsVal2       : 3.74660
AVG_RMS_Val   : 3.74660
amplitudeVal1 : 0.56631
amplitudeVal2 : 0.56631
AVG_AMP_VAL   : 0.56631
Label 1       : k
Label 2       : k
t1Start       : 0.00000
t1End         : 9.99500
t2Start       : 0.00000
t2End         : 9.99500
tAvgIndex     : 4.99750

