Iteration     : 1
CompLabel     : FX
averageVal1   : 0.37876
averageVal2   : 0.87200
AVG_MAG_VAL   : 0.74038
rmsVal1       : 3.58568
rmsVal2       : 3.58568
AVG_RMS_Val   : 3.58568
amplitudeVal1 : 0.57181
amplitudeVal2 : 1.46819
AVG_AMP_VAL   : 3.42621
Label 1       : a
Label 2       : a
t1Start       : 0.00000
t1End         : 9.45000
t2Start       : 9.45000
t2End         : 10.39500
tAvgIndex     : 5.19750

