Iteration     : 1
CompLabel     : FX
averageVal1   : 0.40887
averageVal2   : 1.03989
AVG_MAG_VAL   : 0.90691
rmsVal1       : 0.96686
rmsVal2       : 0.30520
AVG_RMS_Val   : 1.82681
amplitudeVal1 : 0.56481
amplitudeVal2 : 0.46596
AVG_AMP_VAL   : 1.47310
Label 1       : a
Label 2       : a
t1Start       : 0.00000
t1End         : 9.65000
t2Start       : 9.65000
t2End         : 9.86000
tAvgIndex     : 4.93000

