Iteration     : 1
CompLabel     : FX
averageVal1   : 0.49985
averageVal2   : 1.43876
AVG_MAG_VAL   : 1.23740
rmsVal1       : 1.52271
rmsVal2       : 1.52271
AVG_RMS_Val   : 2.18394
amplitudeVal1 : 0.57168
amplitudeVal2 : 0.95151
AVG_AMP_VAL   : 1.94897
Label 1       : a
Label 2       : a
t1Start       : 0.00000
t1End         : 9.75000
t2Start       : 9.75000
t2End         : 10.07000
tAvgIndex     : 5.03500

