Iteration     : 1
CompLabel     : FX
averageVal1   : 0.37394
averageVal2   : 1.71384
AVG_MAG_VAL   : 1.35417
rmsVal1       : 2.24295
rmsVal2       : 2.24295
AVG_RMS_Val   : 2.24295
amplitudeVal1 : 0.55374
amplitudeVal2 : 0.89716
AVG_AMP_VAL   : 0.89716
Label 1       : a
Label 2       : a
t1Start       : 0.00000
t1End         : 10.57500
t2Start       : 10.57500
t2End         : 10.61000
tAvgIndex     : 5.30500

