Iteration     : 1
CompLabel     : FX
averageVal1   : 0.80850
averageVal2   : 0.41668
AVG_MAG_VAL   : 0.78492
rmsVal1       : 1.86036
rmsVal2       : 1.86036
AVG_RMS_Val   : 1.86036
amplitudeVal1 : 0.67042
amplitudeVal2 : 1.18086
AVG_AMP_VAL   : 2.02388
Label 1       : a
Label 2       : a
t1Start       : 0.00000
t1End         : 9.02500
t2Start       : 9.02500
t2End         : 9.69000
tAvgIndex     : 4.84500

