Iteration     : 1
CompLabel     : FX
averageVal1   : 11.18268
averageVal2   : 11.17812
AVG_MAG_VAL   : 11.18040
rmsVal1       : 11.18270
rmsVal2       : 11.17818
AVG_RMS_Val   : 10.92948
amplitudeVal1 : 0.46391
amplitudeVal2 : 0.46764
AVG_AMP_VAL   : 0.46577
Label 1       : FX
Label 2       : FX
t1Start       : 0.00000
t1End         : 5.62500
t2Start       : 5.62500
t2End         : 7.19500
tAvgIndex     : 3.59750

