Iteration     : 1
CompLabel     : FX
averageVal1   : 0.06054
averageVal2   : 0.03562
AVG_MAG_VAL   : 0.01003
rmsVal1       : 0.18635
rmsVal2       : 0.06894
AVG_RMS_Val   : 0.18635
amplitudeVal1 : 0.03895
amplitudeVal2 : 0.05353
AVG_AMP_VAL   : 0.14518
Label 1       : a
Label 2       : a
t1Start       : 0.00000
t1End         : 9.60000
t2Start       : 9.60000
t2End         : 10.14500
tAvgIndex     : 5.07250

