Iteration     : 1
CompLabel     : FX
averageVal1   : 0.32690
averageVal2   : 1.76879
AVG_MAG_VAL   : 1.40682
rmsVal1       : 0.73511
rmsVal2       : 0.70204
AVG_RMS_Val   : 2.32765
amplitudeVal1 : 0.56087
amplitudeVal2 : 0.82908
AVG_AMP_VAL   : 0.83024
Label 1       : a
Label 2       : a
t1Start       : 0.00000
t1End         : 10.40000
t2Start       : 10.40000
t2End         : 10.85500
tAvgIndex     : 5.42750

