Iteration     : 1
CompLabel     : FX
averageVal1   : 0.62275
averageVal2   : 0.14935
AVG_MAG_VAL   : 0.38605
rmsVal1       : 1.68287
rmsVal2       : 0.76061
AVG_RMS_Val   : 1.68287
amplitudeVal1 : 0.55689
amplitudeVal2 : 0.66110
AVG_AMP_VAL   : 0.66110
Label 1       : k
Label 2       : k
t1Start       : 0.00000
t1End         : 9.65000
t2Start       : 9.65000
t2End         : 9.81500
tAvgIndex     : 7.27875

